uint16_t const Tdata[53]={4000,4000,3940,3880,3820,3760,3700,3640,3580,3520,3460,
     3400,3340,3280,3220,3160,3100,3040,2980,2920,2860,
     2800,2740,2680,2620,2560,2500,2440,2380,2320,2260,
     2200,2140,2080,2020,1960,1900,1840,1780,1720,1660,
     1600,1540,1480,1420,1360,1300,1240,1180,1120,1060,1000,1000};

uint16_t const ADCdata[53]={0,303,330,357,385,414,443,472,502,532,563,
     595,627,659,692,726,760,795,830,866,902,
     939,977,1015,1054,1094,1134,1175,1216,1259,1301,
     1345,1389,1434,1480,1526,1573,1621,1670,1719,1770,
     1821,1872,1925,1978,2032,2087,2143,2200,2257,2315,2375,4096};

uint16_t const Rdata[53]={6253,6253,6359,6466,6576,6689,6803,6921,7040,7162,7287,
     7414,7545,7677,7813,7952,8094,8239,8387,8538,8693,
     8851,9013,9178,9347,9520,9697,9877,10062,10251,10445,
     10642,10845,11052,11264,11481,11703,11930,12163,12401,12645,
     12895,13150,13412,13680,13955,14237,14525,14820,15123,15433,15751,15751};
